TWID,NEG,NEU,POS,TWEET,SENTIMENT
768096868504969216,0.0493984865842,0.861394692057,0.0892068213586,#Incredible #India #Atulya #Bharat - Land of Seekers #BeProud 🙏 🇮🇳  :|: Plz RT https://t.co/vpghReZWsa,neutral
768097619281227776,0.00659810393096,0.0468104153672,0.946591480702,RT @KendallHuntRPD: The #firstdayofschool for students &amp; teachers. Good luck and have a Successful 2016-17 School Year #EducationMatters ht…,positive
768097627695042560,0.0063891583217,0.0186627694098,0.974948072269,"RT @PEPalerts: This September, @YESmag is taking you to Maine Mendoza’s surprise thanksgiving party she threw for her fans! https://t.co/oX…",positive
768097640269643776,0.0130753518561,0.110912918005,0.876011730139,RT @BantySrkian: #SRK and kajol in the making of DDLJ song .. Both are greatest ever 🙏🙏🙏 https://t.co/Aa7fAvvtNE,positive
768097640278089729,0.00493932691338,0.029469361925,0.965591311162,RT @MianUsmanJaved: Congratulations Pakistan on becoming #No1TestTeam in the world against all odds! #JI_PakZindabadRallies https://t.co/1o…,positive
768097652860792833,0.00659554349118,0.954057586759,0.0393468697499,"RT @androidcentral: This is our first official look at the LG V20, courtesy of Google

https://t.co/3wKngbuBEE https://t.co/6GfGmpj6Gg",neutral
768097665418747908,0.0116560911854,0.0605474970018,0.927796411813,RT @CedricFeschotte: Excited to announce: as of July 2017 Feschotte lab will be relocating to @Cornell MBG https://t.co/dd0FG7BRx3,positive
768097673828143104,0.0375116115421,0.898411796815,0.0640765916426,"RT @Splatland: ""Spellbindingly dark and suspenseful"" @ChantiReviews
GHOSTS OF MATEGUAS
#ASMSG #RRBC
https://t.co/FKnNZ4Qp8I https://t.co/we…",neutral
768097682195742720,0.0137434898932,0.854653447725,0.131603062381,"RT @SCastelloXXX: bestfriend: BIIIITTTTCCCHHHHH GUESS WHO JUST TRIED TO MESSAGE ME!!!! 

me: BITCHHHHHH WHOOOOO??? https://t.co/u2Oq3NRGvR",neutral
768097686398664704,0.00763075930868,0.944459933841,0.04790930685,"Found a Transponder Snail!
Candid shots of the Straw Hats on their new ship!
https://t.co/lGcHiFpLmb #TreCru https://t.co/Ehk4w75cl2",neutral
768097694782853120,0.00698093291302,0.0902793073156,0.902739759771,"RT @ChelseaFC: It's been a glorious day at Stamford Bridge! 

Four hours to go until tonight's game v Bristol Rovers... https://t.co/IAwKTZ…",positive
768097703192567809,0.0171339375777,0.915441286923,0.0674247754998,"""Servicing Woody's since before you were born."" https://t.co/HGhJ158Iys",neutral
768097715762921472,0.00361817913757,0.896790274056,0.099591546806,RT @M_Douglass64: Need to reunite. Left in taxi from Cornhill to Noel St W1. Yesterday Please RT https://t.co/732bpzhrb8,neutral
768097719948763137,0.00772007930512,0.942189186888,0.0500907338065,Invite you to join FM♚'PearPrae🦄🍭's streaming on #BIGOLIVE &gt; มาแปปนุงง. Join now!  https://t.co/g45uVdyAJp https://t.co/PuItZLP9iB,neutral
768097719965642752,0.021019172049,0.893763627446,0.0852172005052,NEW: emilia clarke with fans https://t.co/vSOGIuQ7Mg,neutral
768097719974031360,0.00584689032817,0.0461075809038,0.948045528768,"Happy birthday to the most handsome kid in the world, love u like the son I never had congrats on the L @Snavitsky7 https://t.co/wGGb6sXTUt",positive
768097724151566336,0.0173982377938,0.92066388902,0.0619378731865,RT @NathanZed: Follow your roommate on Twitter https://t.co/oFzx4JuwMU,neutral
768097724155650048,0.0193758333848,0.925682603139,0.0549415634758,RT @namkachu: start from the bottom and now we're here https://t.co/md0EoFfV6U,neutral
768097732544360452,0.00593819141441,0.8895047258,0.104557082786,@loaded is CHARTED 1x @ Beatport. BIGUP to Holden &amp; Thompson README https://t.co/PcsGHNIXHG https://t.co/Lzo4o0Gvt1,neutral
768097740932915202,0.0188599816458,0.93686954923,0.0442704691246,"RT @abbieaustin3: honestly if I'm not livin this life in 20 years from now, idk where I'll be🌞 https://t.co/VSoUx29d66",neutral
768097740933005312,0.0130358774451,0.124770437779,0.862193684776,RT @giveasyoulive: Yes #CharityTuesday - Tweet us your chosen charity to WIN them a £20 donation &amp; yourself a £20 @amazon voucher #WOW http…,positive
768097749308936192,0.00411358426244,0.0557417662412,0.940144649496,#Repost of @champagnebanjee making us look GOOD. Look at that muscle butt in a #FTGRUNT jock! #InstaGrunt https://t.co/E9H3FRurCo,positive
768097766086029312,0.0166253245076,0.887041021932,0.0963336535604,RT @e_agriculture: #Jamaica: #Agriculture ministry introduces #drones to #farmers. Read more here: https://t.co/orraUZpKO3 #ICT4Ag https://…,neutral
768097774508371968,0.0283268857241,0.887772247874,0.0839008664015,Prague City Hall approves Martin Konvicka's anti-Islam stunt https://t.co/Vn3wpUSFSX https://t.co/rFZKWLwNGK,neutral
768097782896943104,0.0338418944952,0.938489063507,0.0276690419978,RT @WhosAfraidO138: On cloud nine after receiving these two CDs today! @jordansuckley @AdamEllisDJ #trancefamily #techtrance #psytrance htt…,neutral
768097803834912772,0.00739553254386,0.944070992232,0.0485334752244,RT @FootyHumour: Throwback to when it took Didier Drogba 26 minutes to recover from Malaria. https://t.co/rs4izEqxVk,neutral
768097808033390592,0.0177364136258,0.90118919178,0.0810743945941,RT @SpookyLittleGal: who you gonna call? https://t.co/B7VUI6238i,neutral
768097808037605376,0.91999284658,0.0556806831444,0.0243264702758,"RT @hoseokahhh: ""who is this song for
what do i sing for
everything is meaningless now
i have no one left now"" https://t.co/JMavT2HYqH",negative
768097812248756225,0.016731060636,0.912856865321,0.0704120740429,RT @cm_oxford: Late night in the French Quarter https://t.co/BsT8YvYdOh,neutral
768097816430333952,0.0102394258559,0.925344910777,0.0644156633672,RT @cricketworldcup: #OnThisDay 2015 @MClarke23 retired from international cricket. WATCH his 74 v NZ at #CWC15 https://t.co/2yw9GizUUV htt…,neutral
768097820620578816,0.0189214178955,0.944997836236,0.0360807458683,RT @ChuckSambuchino: 17 Literary Agents Seeking Young Adult Science Fiction &amp; Fantasy NOW https://t.co/r0M4Q5gE8R A summer 2016 list. https…,neutral
768097824827408389,0.00712251076612,0.867048622017,0.125828867217,Spacewalkers Successfully Install New Docking Adapter for Commercial Crew Flights via NASA https://t.co/3VZ1jp18OR https://t.co/kmLnP4lRd7,neutral
768097833215852546,0.0205709098442,0.881757258665,0.0976718314911,RT @bstfrnd__: When the edible hit https://t.co/xZjteJpMln,neutral
768097837393424384,0.0104560623294,0.0586361367036,0.930907800967,RT @Juiced_TV: Tonight's on set action with our wonderful visitors @chrishemsworth &amp; @twhiddleston #JuicedTV #ThorRagnarok https://t.co/QHZ…,positive
768097837406191621,0.0237770062318,0.10777187235,0.868451121418,We wish we were with @TrisselBrooke in Hawaii so we are playing with sea shells. https://t.co/y03rJQmE2q,positive
768097845782122496,0.0286218177421,0.87946011409,0.0919180681681,RT @SkyNews: GUARDIAN FRONT PAGE: ‘Women still far adrift on salary and promotion’ #skypapers https://t.co/uKA4B8N4vP,neutral
768097849980616704,0.0178631858881,0.893794633601,0.088342180511,"A few shots from 
#ManDance 8.20.16
w/ DJ Stephen Durkin
#TheDoubleLBar
#FromDaBeach
#gartoonz https://t.co/U8PStA3BMV",neutral
768097850001502208,0.00765889154756,0.872928848308,0.119412260145,"RT @allkpop: VIXX win with their 'Fantasy' on 'The Show'!
https://t.co/RWlXk49vWh https://t.co/WrzhwAk8dq",neutral
768097854166560769,0.0145255364675,0.0530779291535,0.932396534379,@DuncanSlater3 Great to meet you and the @supportthewalk team at the #RAGC16 event today @HertsSV @sportinherts https://t.co/4MueFT8LUP,positive
768097854191566848,0.00769732733527,0.918021821584,0.0742808510812,Here is an update on Max from @IamCoachBill Facebook page. https://t.co/wt4yoHxNk2,neutral
768097862580367361,0.0123785659855,0.875980642244,0.111640791771,Eu amo demais isso aq. HARMOS ATTACK HOTTEST #MTVHottest Fifth Harmony https://t.co/ZvyuygiCUC,neutral
768097870977302528,0.00760843692543,0.856127911008,0.136263652067,Spacewalkers Successfully Install New Docking Adapter for Commercial Crew Flights via NASA https://t.co/jH6uyvOm5L https://t.co/VQmFEDSDiN,neutral
768097879340777472,0.00662339482425,0.0251274845076,0.968249120668,"Much love to my people that cook and clean in the Olympic Village, often overlooked but I see you.

#TeachMeHow2Love https://t.co/zqpEM5Ev9J",positive
768097879353327618,0.0044382270788,0.0685044403224,0.927057332599,@Gurmeetramrahim's account has been withheld in India in response to a legal demand. Learn more.,positive
768097883556020224,0.039032070984,0.869344288571,0.0916236404447,"Omasheyy ""@Omojuwa: NDLEA Staff Drown In River Chasing Drug Baron https://t.co/zs5q6rasGq … https://t.co/tSlg7Tr2fq""",neutral
768097891936145409,0.00691984559139,0.920519963859,0.0725601905493,RT @StarCinema: Elisse found a friend in this 'J' FIND OUT WHO HERE: https://t.co/dYzKggz712 https://t.co/Wxhmbujer6,neutral
768097900308103168,0.010838002105,0.110824763849,0.878337234046,"See our fabulous list of Iceland workshops...
https://t.co/ZfSZUWj8Au https://t.co/xMT5w6HJKT",positive
768097904514981889,0.00903000835084,0.0442504364002,0.946719555249,@derasachasauda's account has been withheld in India in response to a legal demand. Learn more.,positive
768097908700905472,0.0400646149731,0.90012319731,0.0598121877164,RT @RSAsecurity: RSA’s @breachreadiness weighs in on the recent cyber-attack on the Library of Congress: https://t.co/cxNGXwhAoy https://t.…,neutral
768097912911912960,0.0385009482753,0.886590046361,0.0749090053639,RT @iBLEACH13: The Beginning &amp; The End 💕💫. https://t.co/IUhHbXGsWf,neutral
768097917093629952,0.0322484205987,0.890564039035,0.077187540366,"RT @Know: The Alaskan Tree frog freezes solid in the winter, stopping it's heart completely, and then unthaws in the spring. https://t.co/u…",neutral
768097917114552320,0.0248594360113,0.861415425315,0.113725138673,"RT @KidsInNeed: ""Continuing to keep Flint in mind"" @Eminem https://t.co/71ff7nXepZ #Flint #BackToSchool #SchoolSuppliesChangingLives https:…",neutral
768097921296367616,0.00692438503861,0.0417006464013,0.95137496856,"RT @WestMidSafari: Actors wanted for our Spooky Spectacular event!
Read more &amp; apply at https://t.co/loVioqd2qq
#jobs #jobsearch #worcs htt…",positive
768097925465378817,0.00170224200805,0.114998508892,0.8832992491,RT @UPSjobs: We choose a new Summer #Giveaway winner every Friday. RT for your chance to win! #Contest https://t.co/tBLNmfklQe,positive
768097925486436352,0.00790333236541,0.949036631778,0.0430600358565,Invite you to join Natalie Noona🔑's streaming on #BIGOLIVE. Join now! https://t.co/EuyHYqHvVp https://t.co/5zolEZ1wYW,neutral
768097942267887616,0.0127338066027,0.0737446346468,0.91352155875,RT @DailyMailCeleb: Jessica Alba is breathtaking! https://t.co/Vp8qitwChQ https://t.co/PRgNeCOfbt,positive
768097946441134080,0.00727096064035,0.940319971327,0.0524090680322,RT @FoxNews: Texas high school's budget-busting stadium to cost $70M  https://t.co/R1YY6SVLl4 https://t.co/T4yZsDGAOs,neutral
768097946445418496,0.0447550455363,0.913203813748,0.0420411407158,RT @WomenEqualities: Are you unsure about the difference between equal pay &amp; the #genderpaygap? Our handy graphic explains. https://t.co/nC…,neutral
768097950639788033,0.876948286533,0.102857179093,0.0201945343742,"LOST DOG 
NAME: KONI
Koni was lost around 8/20 and found 8/21 but escaped from who she was caught by on 8/22 pls rt https://t.co/v34ohnaB0H",negative
768097950660689921,0.00945874667339,0.914513359441,0.0760278938859,RT @QaizerSoze: Would you let your dog go out dressed like this? https://t.co/PqqVQ8pvdO,neutral
768097950669176836,0.0153402508907,0.887273911792,0.0973858373178,"Find your London premium hostel: https://t.co/SQrzcv1dlC
#hostel #chichostel #poshtel #london #travel #enjoy #travel https://t.co/qauaHbQjmS",neutral
768097954838286337,0.0583976637625,0.87185870379,0.0697436324478,"RT @sunny_hundal: Corbyn's #Traingate controversy gets murkier, via @peterwalker99 https://t.co/MSyuLhnGV9",neutral
768097959036669952,0.0164481555999,0.875616639812,0.107935204588,RT @BTS_National: [HQ] 150516 V @ Mokdong Fansign | © TO MY DARLINGV #태형 #방탄소년단 @BTS_twt https://t.co/PwwiFiNQnp,neutral
768097959036747777,0.0250290127546,0.872746610435,0.10222437681,"RT @mellowyellow06: Giraffe Animal Planter, Stewart McCullough by Saltofmotherearth https://t.co/pYBQXQKKPV via @Etsy #vintagesummerfun htt…",neutral
768097963239469056,0.00645946880312,0.943702478158,0.0498380530389,"RT @itsKCHD: Who do you prefer?
Retweet for Ibrahimovic
Like for Aguero https://t.co/isnXp8KsPS",neutral
768097963251998720,0.00628306388229,0.0463450885963,0.947371847521,"RT @bastilledan: Thanks to everyone who took part in #wildworldreveal - you can pre-order ""Wild World"" from https://t.co/tami6R90yf https:/…",positive
768097967408451585,0.0205544852721,0.905968485612,0.0734770291154,RT @CdnEncyclopedia: #OTD 1876: Treaty No. 6 was signed at Carlton and at Fort Pitt https://t.co/da4vNRDqjz #Indigenous #CdnHistory https:/…,neutral
768097967425200128,0.869149926149,0.102884300302,0.0279657735492,RT @johndory49: The man who exposed the Nurofen scandal now questions ABC's deal with dodgy Swisse!! https://t.co/xxoJ9NbLae #auspol https:…,negative
768097971636310016,0.00739553254386,0.944070992232,0.0485334752244,RT @FootyHumour: Throwback to when it took Didier Drogba 26 minutes to recover from Malaria. https://t.co/rs4izEqxVk,neutral
768097975801253888,0.0084319205908,0.0384757530791,0.95309232633,i truly love heartfelt passionate mic holding https://t.co/HQzLx8VuSk,positive
768097979995533312,0.0367947236946,0.922807352017,0.0403979242882,RT @beatlesinthe60s: The London Symphony Orchestra quickly spotted the interlopers. John Lennon with Pete Townshend #TheBeatles #TheWho htt…,neutral
768097984202600448,0.00995387800193,0.889217231367,0.100828890631,"RT @RSAsecurity: New blog from RSA Research: Major Events, Hacktivism, &amp; #OpOlympicHacking: https://t.co/5DJx5KPsen https://t.co/yxrrkEQpSt",neutral
768097984210927616,0.0344190493846,0.877566483519,0.0880144670965,"RT @bet365: 📆 16. 
⏰ DAYS.
😃 TO.
🏈 GO.

#Kickoff2016 https://t.co/gLEntH5JBm",neutral
768098139408625665,0.00441315905538,0.0564051903061,0.939181650639,"Found a Transponder Snail!
Giants, sea monsters and other amazing encounters!
https://t.co/p3DBLdzeo9 #TreCru https://t.co/9v4aD9DIAe",positive
768098143594512385,0.020694397074,0.891723883501,0.0875817194253,RT @newsthump: NEWS! Virgin trains to have more seats than Labour by 2020 https://t.co/mrmotRP97O https://t.co/klLHgrjY8r,neutral
768098156160675841,0.00817929189457,0.854262430025,0.13755827808,Spacewalkers Successfully Install New Docking Adapter for Commercial Crew Flights via NASA https://t.co/V60Uhlibv3 https://t.co/NSfTljS3KM,neutral
768098156169011201,0.00555317890638,0.0339790193263,0.960467801767,RT @lethu2: Hi everyone WE FOUND HIM..THANK YOU TO EVERY SINGLE ONE OF YOU!! He was found at the Diepkloof Police station https://t.co/v3PK…,positive
768098160371785728,0.0160509234326,0.878051280968,0.1058977956,#new Corporate Ambient (Ambient) – Free Download https://t.co/FiNAKf6bOs #free #download https://t.co/7KqItJkXke,neutral
768098168756064257,0.0193729113535,0.913257431129,0.0673696575176,RT @chennaitodaynew: Rajinikanth’s ‘Baasha’ to be re-released after 21 years? @KadavulRajni @Rajni_FC @RBSIRAJINI https://t.co/5cbjuQoaGz h…,neutral
768098177144721408,0.0120674053816,0.967798608643,0.020133985975,Mr Jioji Washington of Fiji's Ministry of Defence delivers Fiji's statement today at the Arms Trade Treaty meeting https://t.co/S7H7T3gCmh,neutral
768098189715070976,0.0120308376547,0.0784203021392,0.909548860206,Gathering for the #WireToLearn Summit! Thank you @kCura ! https://t.co/t6HDhvj71V,positive
768098189723504640,0.022399248937,0.872465535696,0.105135215367,"Here is Ed's #latest monthly commentary. #Investing #Markets
https://t.co/d7RKzOyPLc … https://t.co/PxydVuNyJp",neutral
768098193917681664,0.0395326485044,0.0908018872663,0.869665464229,RT @BarlowAdventure: The road to Hell is paved with good intentions. The road to Heaven isn't paved at all. #Moab #Sedona #Jeep https://t.c…,positive
768098193938579458,0.00834753873652,0.938351462408,0.0533009988555,Invite you to join °゚①NE✙NOTE'Sp♠️'s streaming on #BIGOLIVE. Join now!  https://t.co/0V77dDtzc8 https://t.co/DxsVCjsCmS,neutral
768098198107877376,0.0204450241337,0.941788648542,0.0377663273242,"RT @Jamin2g: No seats at the football. Corbyn will have to sit on the pitch. 

#TrainGate https://t.co/2FS8d5p9ur",neutral
768098198124658689,0.004004941541,0.0919242001763,0.904070858283,RT @creamykinss: Lulus (Shockoe Bottom) great for brunch. The red velvet waffles are A1. Make reservations on weekends https://t.co/VTH90fs…,positive
768098202302156800,0.0087041829105,0.943251194246,0.0480446228438,RT @BrathayPD: Increase employee's ability to access a range of responses in 3 ways https://t.co/jC8rHuAlGh https://t.co/JItfKF2hBK,neutral
768098202314764288,0.00402973007764,0.0454470588717,0.950523211051,#BSM It's truly a win win scenario for physics research!  https://t.co/q7bm0Iz4gn via @YouTube #physics https://t.co/1sDTfny9KS,positive
768098206496546816,0.0035499992003,0.874430513382,0.122019487418,RT @Monstercat: The @marshmellomusic “Alone” @streexofficial remake! Full package in 3 days! https://t.co/J2eNz6NGiT https://t.co/tFwyShA4bZ,neutral
768098214893334528,0.00415850571623,0.0236491906499,0.972192303634,"RT @iHeartTheSarahG: We love youuuuuu!!! :D

WelcomeBack QueenSARAHG
#PUSHAwardsPopsters https://t.co/UioQ4ztHzY",positive
768098219100344321,0.0114730673008,0.852039753707,0.136487178992,RT @jeremypierre: Brimming with pride as my dear friend @MatthewJHall is installed as dean of @BoyceCollege. https://t.co/2fc7EiQV6N,neutral
768098227467923456,0.00212649022886,0.0106458035197,0.987227706251,"@gamma_tay just checking in, looks like you're still cute. Thanks for listening to my plea. https://t.co/bZLHFhLLgr",positive
768098231683276804,0.00647332267501,0.910327924018,0.0831987533066,"Let's Stop Pitting In-Store vs. Online Shopping: Both Need to Up Their Sustainability
---&gt; https://t.co/6ahzbaS1KV https://t.co/einNLMKNQ1",neutral
768098235860877312,0.00695553591102,0.872078808868,0.120965655221,RT @IE_Canada: Follow these tips to run an effective and educational client workshop @rosemarysmyth #IEbyb https://t.co/jiEkP4o2co https://…,neutral
768098235877580800,0.0195772527666,0.0814414167011,0.898981330532,RT @SB_NuNu13: 😅 this would be nice https://t.co/EtR9PjLhMf,positive
768098240063344640,0.00289701958783,0.0339732467555,0.963129733657,"RT @SriSri: Thanks to technology, could teach Sudarshan Kriya to over 100,000 people at 1800 locations in India through webcast. https://t.…",positive
768098240071868416,0.0276362700892,0.899142730695,0.0732209992161,RT @commondreams: Postal Workers @APWUnational To Rally Against #TPP Tuesday https://t.co/9vzprJh9wF #StopTPP https://t.co/w6Ic7zS7La,neutral
768098244245225472,0.00995367460312,0.0172695369411,0.972776788456,"RT @relombardo3: I Oppose Medical Marijuana But I'd Be Happy 2 Refill Your Oxycontin.
It's FDA Approved Which Means It's 100% Safe! 😷 https…",positive
768098248426946560,0.0123349191072,0.0907250261822,0.896940054711,@DisneyDuckLover crappy pics but great memories!! #CountdownToDLPHalloween https://t.co/S3nCDHRYl3,positive
768098248456146944,0.0110041147562,0.882164278623,0.106831606621,RT @pKjd: Natsume Yuujinchou Go event visual. S5 broadcast begins October: https://t.co/F6EkeNdOtw https://t.co/KYsKITrfeJ,neutral
768098252621172736,0.0468163483717,0.866015107908,0.08716854372,"RT @SilkVibes: ""what do u do all day""
""why don't u text back"" 
me: 😂😂 https://t.co/3e9OmJEshP",neutral
768098256844840960,0.0234005831681,0.855633246145,0.120966170687,@el_juanillo_11 @6tito6 @IzEadt @amaliacarros @RinDoris @miarianmoreno @CRYSGONOSTAR  Hello #HappyDay #EADT708 💛❤ https://t.co/Grt4IqTrdL,neutral
768098261034864640,0.00993535873485,0.925377514348,0.0646871269169,RT @CMAJ: #CMAGC: Physician autonomy: pillar of #medicine or bar to #cdnhealth innovation? https://t.co/ICgAELSRiX https://t.co/qfPb8BuBfB,neutral
768098273630392320,0.00922113266417,0.923223609771,0.0675552575651,Newcastle and Aston Villa submit £5m bids for Tottenham defender https://t.co/blIiJSJmjM https://t.co/jHtxcq6crL,neutral
768098290378223616,0.020828784309,0.909764851606,0.0694063640847,RT @Gizmodo: The Feds just turned a $1.6m profit on seized silk road bitcoin https://t.co/xt8pRR5IRv https://t.co/r2pmbSoLM8,neutral
768098298796216320,0.0400107650465,0.898797002592,0.0611922323618,"RT @airnewsalerts: #BiharFlood :Villagers use tube boats to wade through flooded area of Hajipur, #Bihar. https://t.co/Kl1Bh4vgWX",neutral
768098298796314624,0.0336176052005,0.0746542499522,0.891728144847,"RT @FierceMarriage: ""...to be fully known and truly loved is, well, a lot like being loved by God."" ~@timkellernyc #marriage https://t.co/v…",positive
768098298796400641,0.00835904961776,0.919726661838,0.0719142885447,This MS Paint-like tool lets you search for images by drawing them https://t.co/XTHiqvSs5O https://t.co/rJhk71quBr,neutral
768098307180728320,0.062189199835,0.885354049776,0.0524567503887,"Kohli hasn't changed, he is still the 'same old little' Virat: coach Rajkumar Sharma
https://t.co/JlYCq1cy5b https://t.co/vEn2y603qe",neutral
768098307184873472,0.0353707860538,0.864966220676,0.0996629932697,RT @alohamaryanne: Myself 💜💜💜💜 https://t.co/Yn7G34uugy,neutral
768098315548368896,0.00506921738057,0.96821284794,0.0267179346794,RT @Food_Tank: We will repair our food system when we're willing to sit down &amp; build solutions together! https://t.co/YYS0QgVQt5 https://t.…,neutral
768098323941167104,0.0100483247761,0.033727056965,0.956224618259,@Gurmeetramrahim's account has been withheld in India in response to a legal demand. Learn more.,positive
768098328152334340,0.0153874331284,0.851073110098,0.133539456774,"RT @NHSEngland: Our Chief Dental Officer, Sara Hurley, blogs on delivering a vital message at #Expo16NHS https://t.co/xKd4FKPzCg https://t.…",neutral
768098336511500288,0.0733582619033,0.880962972566,0.0456787655309,RT @jfruh: for those of you who missed it last night: wikipedia heavily implies that it's muppets canon that kermit did 9/11 http://t.co/dD…,neutral
768098340705820676,0.0327213526241,0.898536287748,0.0687423596279,"Sylville Smith shooting captured by two body cameras.
https://t.co/hz2w3txMRg https://t.co/9xBRLrE4cR",neutral
768098340735188992,0.0114952553862,0.931622065107,0.0568826795067,"RT @TheCityBulletin: Claudio Bravo has been pictured today at Barcelona airport, according to reporter @IgnacioMiguelez. #MCFC https://t.co…",neutral
768098365867515905,0.00307483237789,0.892735267014,0.104189900608,RT @MonsterEnergy: The fans have spoken...@96SLAY wins @XGames #RealMoto Fan Favorite! Check out bts video &gt;&gt; https://t.co/tEpO0gKQlC https…,neutral
768098370074345472,0.0105101066985,0.886670972711,0.102818920591,Majel Barrett as Nurse Christine Capel Autographed 8X10 Signed In Person at Con. https://t.co/Hz55GDMRfi #StarTrek… https://t.co/p7CRx2G2FL,neutral
768098395240140800,0.0179392856205,0.906185011344,0.0758757030359,"RT @itsgiveaways: rt for 3 dms with them! 

🌨 mbf https://t.co/GREIALWVr5",neutral
768098403620302848,0.00494885180329,0.913787800844,0.0812633473529,@Jodi_Ewart is back again! Catch her at the Canadian Pacific Women's Open in Calgary: August 25th - 28th #OmniUnited https://t.co/CEYmZBqJzG,neutral
768098412034129920,0.00730557868872,0.872919291633,0.119775129679,Spacewalkers Successfully Install New Docking Adapter for Commercial Crew Flights via NASA https://t.co/OMfI0TB7ik https://t.co/7pVul2Eivz,neutral
768098416198950913,0.00765889154756,0.872928848308,0.119412260145,"RT @allkpop: VIXX win with their 'Fantasy' on 'The Show'!
https://t.co/RWlXk49vWh https://t.co/WrzhwAk8dq",neutral
768098432976158720,0.00622133504103,0.951713258212,0.0420654067474,RT @shoprivercity: The demo of 217 has started but we're still OPEN w/ lots of sales going on! Please share &amp; help us spread the word! http…,neutral
768098437170593793,0.0165923686572,0.922259816133,0.0611478152094,RT @kesbutters: How Technology is Changing Business: https://t.co/6vPfMg8SL6  #Technology #Business https://t.co/jqtmB603Sc,neutral
768098445596893184,0.00279433179221,0.0327942860918,0.964411382116,"RT @greysonchance: Friends!!! I'm excited to announce 2 shows first week of Sept. in San Diego and Dallas! 🇺🇸
https://t.co/19v03T4ZeG https…",positive
768098445596958720,0.00521298630852,0.861585355734,0.133201657957,"Found a Transponder Snail!
Famed Pirate Hunter captured! Exclusive shots!!
https://t.co/p3DBLdzeo9 #TreCru https://t.co/GDECtP8016",neutral
768098449757728768,0.00863984454731,0.917830757689,0.0735293977632,"RT @allkpop: GOT7 look back on 115 days of 'Fly Tour' in special MV
https://t.co/p0pl7elrPZ https://t.co/e0Fo643GTd",neutral
768098449761771520,0.0701507108704,0.882856271247,0.0469930178822,"RT @hellosaya34: Someone asked Daehyun about this teaser pic during fansign, DH said he really took this pic right after he woke up😂 https:…",neutral
768098449765957632,0.00249890689507,0.100988438817,0.896512654288,RT @TinyCammer: AND WE'RE BACK ! cum see me in my magical creation masturbation station ;) https://t.co/p9OiDRkDOG https://t.co/WDpoiZizJD,positive
768098453956141056,0.0147991315505,0.920021132296,0.0651797361531,RT @PotterWorldUK: The evolution of the Harry Potter cast. https://t.co/HFNTyFkqf2,neutral
768098458171387904,0.00461286824414,0.133543156659,0.861843975097,"RT @IamNickerbacher: astound yourself today
inspiration by Thomas A Edison
#quote #inspiration #astounding
via @PalmyHealing https://t.co/i…",positive
768098466543210497,0.0137657147844,0.929041098616,0.0571931865995,"RT @NFL_CFB: Top 1️⃣0️⃣ CFB players to watch at each position (via @LanceZierlein)

👀 https://t.co/QSiKDNI7uh https://t.co/XCyLTgg0qM",neutral
768098466564276225,0.0111213756877,0.900549891317,0.0883287329953,RT @TIFF_NET: #TIFF16 PSA: @Pharrell and friends will perform new music for #HIDDENFIGURES live on Festival Street https://t.co/Snfg7B7XhB,neutral
768098470733320192,0.00863984454731,0.917830757689,0.0735293977632,"RT @allkpop: GOT7 look back on 115 days of 'Fly Tour' in special MV
https://t.co/p0pl7elrPZ https://t.co/e0Fo643GTd",neutral
768098470762717184,0.00863984454731,0.917830757689,0.0735293977632,"RT @allkpop: GOT7 look back on 115 days of 'Fly Tour' in special MV
https://t.co/p0pl7elrPZ https://t.co/e0Fo643GTd",neutral
768098470762803205,0.0364467178243,0.870842958163,0.0927103240127,RT @glowkit: Abh sun dipped swatches https://t.co/RiTZsLTTtB,neutral
768098483307814914,0.00795169372211,0.915451486737,0.0765968195412,Free book today: Java 7 Concurrency Cookbook  https://t.co/pq3QrLzkXa https://t.co/UnheIzzWpF,neutral
768098487540051970,0.00800250263751,0.0214521096109,0.970545387752,"@JacksonvilleCP #swjax No talk, all action. Validate business ideas, meet co-founder, awesome mentors to help you!! https://t.co/AnHZXiIGVF",positive
768098500101812224,0.00424204884102,0.906310040329,0.0894479108304,"RT @BleacherReport: Following a historic career..

The city of LA is set to declare 8-24, Kobe Bryant Day 
https://t.co/AtSxfDyfiV https://…",neutral
768098504291909632,0.0179163511805,0.930474118056,0.0516095307633,Global Internet of Things Security Market to Expand at 55.01% CAGR During 2016-2020 due to… https://t.co/Jy7KVmiwTV https://t.co/AwAHuCJQ2B,neutral
768098504308760576,0.00863984454731,0.917830757689,0.0735293977632,"RT @allkpop: GOT7 look back on 115 days of 'Fly Tour' in special MV
https://t.co/p0pl7elrPZ https://t.co/e0Fo643GTd",neutral
768098508473831425,0.00942184767434,0.0985917473392,0.891986404986,RT @iconickkk: I love facetiming random numbers https://t.co/Is7NUi18Qs,positive
768098508511539200,0.0106357394113,0.901787700127,0.0875765604621,"RT @lizquenPAUdalab: #DolceAmoreExpose

Here's the rating last Thursday, August 18: 33.2% 

#PushAwardsLizQuens https://t.co/AX8vSlPtLS",neutral
768098512667971585,0.0139600288888,0.896688806819,0.0893511642927,Vintage 70s Burgundy Red Maxi Dress Draped boho hippie XS 4129 by thekissingtree https://t.co/wOWvKtFg11 https://t.co/MLQJysCCGS,neutral
768098516874825728,0.906023108102,0.0644569406596,0.029519951238,Ryan Lochte's fake Rio robbery gets songified https://t.co/NYUw8AIyyX https://t.co/pU1nxdXB88,negative
768098525284405250,0.0202319956942,0.937226123119,0.0425418811868,Black exchange student Joseph Busto from Ohio sings on a ko... https://t.co/AcWA8sNfsi | https://t.co/bI49seZ6lN https://t.co/oVwwORW80V,neutral
768098529478795264,0.0205131420617,0.85511695871,0.124369899228,RT @soshiqwerty: List of SNSD Magazines in 2016 😱😵👏🏼 https://t.co/vNv0HD51WL,neutral
768098533648007169,0.00998934256349,0.895679296061,0.0943313613751,RT @PigsAndPlans: Who made the song of the summer? Take the poll: https://t.co/TdxXTg492i https://t.co/tve0N6cayy,neutral
768098533668827136,0.00499213150642,0.0216000437548,0.973407824739,Can't wait to see everyone rocking their fanny packs today!! #SpiritWeek #TouristDay #ShowUsYourPics #hhsgvo https://t.co/PmZ8tBdvaR,positive
768098537833988096,0.868779324938,0.0919792296739,0.0392414453877,"RT @NYDailyNews: Cincinnati Zoo deletes Twitter account after harassment — ""just like they deleted Harambe"" https://t.co/iweApO2K8z https:/…",negative
768098546230910976,0.975502756228,0.0219925054581,0.00250473831408,"RT @upadhyaysbjp: Pic1. Dy CM @msisodia shamelessly LYING about his corrupt OSD
Pic2. Sisodia EXPOSED by Kejriwal Govt's posting order http…",negative
768098563033223168,0.0278578826593,0.853125747254,0.119016370087,RT @BookBub: 23 Images You’ll Understand If You Loved Assigned Reading as a Child https://t.co/mDqnCr4Nnr #BookWorm https://t.co/fJH41x9WY5,neutral
768098567202504704,0.0172394193049,0.856638327867,0.126122252828,"RT @TheDrum: Comcast secures Shrek, Kung Fu Panda &amp; Madagascar as the ink dries on $3.8bn Dreamworks deal https://t.co/PfalsuNfks https://t…",neutral
768098571388350468,0.0557040982757,0.88044866987,0.0638472318545,RT @AmberForAmerica: MT @GaetaSusan: Lefts Play On Words To Justify A Woman Right To Choose? https://t.co/EsgvFTLLVa #UnbornLivesMatter #PJ…,neutral
768098579793649664,0.0111289523691,0.923515399565,0.0653556480657,"RT @DBA_SC: Senior Highschool Sportsfest
""Olympios: Grigora - Psila - Ischyros""
OFFICIAL ENTRY
House of Argos 

#Olympios https://t.co/isv0…",neutral
768098596554104834,0.015749933067,0.101483325138,0.882766741795,RT @meaningfulJIMIN: JUNGKOOK LOOKS SO CUTE HERE LOOK AT HIS PRECIOUS SMILE https://t.co/eT6qngQeRF,positive
768098600752652288,0.0102124769807,0.0495251633106,0.940262359709,RT @HeskethGolfClub: Congratulations to the #HeskethGC Junior Team on another victory in the SDGA Summer League v @ormskirkgc 5-2 #golf htt…,positive
768098613339811840,0.0230700583882,0.904468041851,0.0724618997609,RT @cherevatova30: Buns filled with pizza.https://t.co/8fimtFoV3s https://t.co/MLOVb5sFoV,neutral
768098617538281472,0.01229060875,0.0754366744509,0.912272716799,"RT @ScienceChannel: This beautiful Hubble image shows the ghostly remains of a star, which detonated 160,000 light-years away. https://t.co…",positive
768098617546551296,0.00926015380026,0.944547597541,0.0461922486591,"RT @LessGovMoreFun: If #USAToday says 'Clinton has small lead over Trump in Ohio' -- you know #Trump is ahead. 
https://t.co/yjI82XovUi htt…",neutral
768098621724123137,0.0110727978375,0.868427896441,0.120499305721,A real king always has his queen's back 👑🙌 https://t.co/00236K1vSc,neutral
768098621732466688,0.0143658795465,0.922946010737,0.0626881097165,"Found a Transponder Snail!
Battle rages in Upper Yard! Shandians vs. ""Kami""!
https://t.co/gR8k6hP6bz #TreCru https://t.co/TOAFHLus0d",neutral
768098630117027841,0.00832305132226,0.936111249502,0.0555656991756,RT @sarahpinkmorgan: My new range of cards have just arrived @popUPbusiness https://t.co/hlbDFF6L5o,neutral
768098642695598080,0.0183504834163,0.870056748437,0.111592768147,@douglasbudget @APSE_sportmedia Douglas Cats reach regional tournament https://t.co/4x5Ox2IL4P,neutral
768098646902517760,0.0212216616151,0.108825840303,0.869952498082,I LOVE EVERYTHING ABOUT THIS https://t.co/wfwZw8emCU,positive
768098646911029248,0.0181149837083,0.930942426977,0.0509425893144,RT @coachyawe: The limitations of the MBA advocated organization chart to corporate innovation. @SBSKenya @DrGnjenga @ndayvid https://t.co/…,neutral
768098646915252224,0.010755951779,0.862013859742,0.127230188479,RT @DamonMBanks: A Look Inside the World of a Luxury Hotel Butler... https://t.co/Z4HqYlZar6 [@MetropoleHanoi] #TravelTuesday #IFWTWA https…,neutral
768098659468767233,0.00930599068321,0.0298561946389,0.960837814678,These cute stylehaulsteph shares that my @StyleHaul team made are amazing!! #BeInspired https://t.co/Hm2XonExJ2,positive
768098659481387009,0.0186292760608,0.927210389134,0.0541603348056,"RT @worldnetdaily: IS HILLARY'S TOP AIDE A SAUDI PLANT?
'Advancing Shariah globally was Abedin family business'
https://t.co/rOa7FPm5Tr htt…",neutral
768098663684009984,0.0053116322815,0.0563733119664,0.938315055752,Two more beauties from last night with my @Celestron scope! 2 components of the Veil nebula. Enjoy! https://t.co/lr5ae1gtR9,positive
768098667861463041,0.0230295142966,0.883871829319,0.0930986563847,RT @gl_photo: A plane drops retardant on the fire near Lakeside. #mtfire https://t.co/FoHveMxSSF,neutral
768098667869810689,0.0108340740989,0.878695894685,0.110470031216,"Author Patti Clark on career path, creativity, mindfulness, &amp; being in touch w/ yourself. 
https://t.co/ur6Ofej9V9 https://t.co/F24DLsYOB3",neutral
768098667873972224,0.00863984454731,0.917830757689,0.0735293977632,"RT @allkpop: GOT7 look back on 115 days of 'Fly Tour' in special MV
https://t.co/p0pl7elrPZ https://t.co/e0Fo643GTd",neutral
768098667874099200,0.00773899062573,0.856128114383,0.136132894991,Spacewalkers Successfully Install New Docking Adapter for Commercial Crew Flights via NASA https://t.co/ctuatd3zTY https://t.co/8A0Lu0pG0z,neutral
768098667874123777,0.0078542407068,0.854315014246,0.137830745048,Spacewalkers Successfully Install New Docking Adapter for Commercial Crew Flights via NASA https://t.co/xFM6etMk4b https://t.co/eAJbafHVOz,neutral
768098672051494917,0.00783678828783,0.941885768627,0.0502774430856,Invite you to join ゚①NE✙BaNk💸's streaming on #BIGOLIVE. Join now! https://t.co/U3kzlUedTQ https://t.co/p5Otti4UMp,neutral
768098680440287233,0.00398608947552,0.054274281424,0.941739629101,"RT @MunchlaxRegrets: I'm just gonna leave this here for s̶o̶m̶e̶ all of you

Also SOURCE for lovely, lovely set: https://t.co/5kk7PFmTRY ht…",positive
768098680473841665,0.0733582619033,0.880962972566,0.0456787655309,RT @jfruh: for those of you who missed it last night: wikipedia heavily implies that it's muppets canon that kermit did 9/11 http://t.co/dD…,neutral
768098684672282624,0.0461234460801,0.0946866070846,0.859189946835,"RT @itsainexxx: When a soldier will save his girl even if it cost his life ❤
 #DOTSPackage https://t.co/oO0pK4313u",positive
768098688849805313,0.0215770628093,0.0462358398428,0.932187097348,"RT @Sheilascott: Moray Wheelers' Project Georgia raffle tickets. LOTS of lovely prizes @GeegeeMansfield  #fundraising
nextolympians https:/…",positive
768098693048246272,0.0155862991562,0.88895902902,0.0954546718237,New blog post! Upfest 2016: Urban art around Bristol #graffiti https://t.co/dfax0Afm2E https://t.co/xn9lHTDh33,neutral
768098701424418817,0.0147478004437,0.0656817469025,0.919570452654,RT @startrailsIV: 5* Fun witty &amp; informative WHOBEDAS GUIDE TO BASIC #ASTROLOGY https://t.co/cTrcaSDd8h #ASMSG #horoscopes https://t.co/yD7…,positive
768098701428613120,0.0150227840572,0.91198206096,0.0729951549832,"My followers are in USA(32%), Japan(22%)... Get your map too: https://t.co/mCqn4uw0L7 https://t.co/TONRxftvQ1",neutral
768098705614311426,0.00699821862569,0.049613798601,0.943387982773,Good morning. Have a terrific Tuesday #inspiration #LiveYourDream https://t.co/7UHxX2tkiN,positive
768098709800443904,0.0182352540027,0.945376256662,0.0363884893355,RT @dihrie: Apply now! Two weeks left for EMERGE 2016 apps. See below or @CITorg https://t.co/6XbMGRVkdX https://t.co/7qF32MkoYi,neutral
768098814683025408,0.0161312893206,0.87398267077,0.10988603991,Emma Stone sings a tune of longing in new 'La La Land' trailer https://t.co/SR36vhHQbW https://t.co/LFjBCnZaVr,neutral
768098818885758976,0.00567208378171,0.933576879669,0.0607510365496,Invite you to join PainttniaP's streaming on #BIGOLIVE. Join now! https://t.co/30c73HTeD2 https://t.co/s2IXBlWJqy,neutral
768098827240869888,0.00903000835084,0.0442504364002,0.946719555249,@derasachasauda's account has been withheld in India in response to a legal demand. Learn more.,positive
768098831435177985,0.0593965039243,0.913927442385,0.0266760536903,"RT @ragipsoylu: New pics surfaced. Coup night in Turkey: Coupists arrested Army Commander, Deputy Chief of Turkish General Staff https://t.…",neutral
768098839823781892,0.0153736236413,0.933309169125,0.0513172072338,RT @RunisMedia1: 5 Days and counting now. Get to know where you can pick up your @RotaryCancerRun Kit today. #RotaryCR16 https://t.co/cOuQG…,neutral
768098839853015041,0.0296805798183,0.862865000731,0.107454419451,"RT @ALDUBHashtagSQ: UPDATE 10:50PM PH TIME
#ALDUBPwedeNaMag
977K Tweets

@ALDUBNation @AldubEurozone @AlDubBigGirlz @jaysondmx @jophie30 ht…",neutral
768098844022280192,0.0357612624251,0.910490007189,0.0537487303854,We got Tay's new bed on Sunday and she hasn't climbed in our bed since then. 👍🙌😀😃 https://t.co/38xEBipxqw,neutral
768098844034801664,0.0220652036621,0.904345374925,0.0735894214127,"RT @Nam_Chayen: [HQ] #BamBam #GOT7 #FlyinSeoulFinal Fly in Seoul Final Concert Day2 
https://t.co/IRfuOPw6rJ
https://t.co/mxqhlzdkzx https:…",neutral
768098869196517376,0.0219205347605,0.867751559823,0.110327905416,Women's Bridesmaid S https://t.co/3gr1CtCTcE https://t.co/C7eoBDdGQ2,neutral
768098881783603200,0.0270323080547,0.898942191143,0.0740255008025,RT @denofgeek: Star Wars intertactive lightsaber experience in development https://t.co/GSrCPiOGgM https://t.co/TZW95VU7WS,neutral
768098885998747648,0.00863984454731,0.917830757689,0.0735293977632,"RT @allkpop: GOT7 look back on 115 days of 'Fly Tour' in special MV
https://t.co/p0pl7elrPZ https://t.co/e0Fo643GTd",neutral
768098890180624384,0.00775081860302,0.93428485273,0.0579643286666,"Found a Transponder Snail!
Candid shots of the Straw Hats on their new ship!
https://t.co/285zlYYJ8w #TreCru https://t.co/PumEIL0x7U",neutral
768098890188922880,0.00941902781468,0.0462767704064,0.944304201779,"""damn it feels good to be black ""✊🏾 

@ingrid tonight @HOBHouston ! Come get some #TrillFeels 🤘🏾💥 https://t.co/yn2HNzlEla",positive
768098890188988416,0.00863984454731,0.917830757689,0.0735293977632,"RT @allkpop: GOT7 look back on 115 days of 'Fly Tour' in special MV
https://t.co/p0pl7elrPZ https://t.co/e0Fo643GTd",neutral
768098894349676544,0.00646645708972,0.931373342437,0.0621602004732,"From Ajax to minnows Burton, here are the 20 top football badges on the... https://t.co/6mUiL0YRE7 -via @MailSport https://t.co/THRrLF1D7q",neutral
768098915321118720,0.0119633905396,0.0776322561679,0.910404353292,"I love his teeth seriously!
 https://t.co/sC3oID4vYI",positive
